image: skir.pgm
resolution: 0.050000
origin: [-10.788522, -3.476622, 0.000000]
negate: 0
occupied_thresh: 0.65
free_thresh: 0.196

